16422
17850
3426
10197
3632
2695
13648
15291
4342
2579
15355
15324
16421
17953
2053
235
2428
15685
17512
17574
17063
13349
17114
16784
17275
16893
17134
17989
352
12483
2961
687
16668
16961
12141
17956
17885
16712
3639
13791
12913
17111
15754
16900
10172
17920
17735
14999
16792
17125
16629
16550
4861
15445
10499
17040
17338
15276
1609
3317
2254
16461
2703
1491
15539
3115
17912
3570
17087
14002
17561
1415
1771
1585
15686
17691
2420
10579
17524
16432
16016
16444
1981
16901
16739
15358
18049
17984
3538
15768
3712
17727
2331
16698
16881
2440
17511
15310
1497
16529
13667
14164
17868
16128
3431
17678
16846
417
12445
15508
16520
10377
624
16474
15522
16033
2442
1112
1352
17547
16761
17147
3521
16742
15440
3239
16466
17240
15152
15039
13789
15195
16594
16563
17843
2994
16622
17729
15663
17107
3274
14188
16699
17876
17514
12730
15414
10576
3493
1159
17851
16657
2686
17453
17248
18051
2745
10984
15282
17
1118
17456
16493
17888
16649
15316
10419
16443
17985
2334
15527
16083
16760
16532
16711
2281
15901
15305
17849
3339
13068
17650
3144
17622
16904
17381
1641
15999
16412
3584
1959
3837
15587
3284
3515
16666
16700
17966
16082
3343
15530
16575
15284
17944
1834
16434
15507
1833
4127
18015
3319
17792
4093
4601
17454
2119
12437
15792
3809
15392
15846
17927
10435
15913
16643
18272
2320
10283
17092
18026
15620
16504
17648
17160
17566
16621
1167
1914
964
16733
17872
17973
17899
17457
3023
3594
17670
17873
15487
17717
16647
4852
688
4003
17255
15425
2976
16815
15691
16593
16678
17550
16821
17926
17405
17131
15288
16762
3648
2377
12357
2046
13679
15430
2061
164
16818
4312
17494
15412
15329
10913
15492
15856
16424
15455
17793
2071
15330
17996
17464
17764
433
15785
246
15494
17149
10504
16886
17472
18034
16709
4643
16420
16579
16450
16106
17018
16701
17565
13477
536
17237
1969
13939
2410
16896
1681
16981
16656
14432
15929
13790
1800
18018
2988
16766
16694
2019
17942
16844
3423
14855
13795
17139
15922
16088
17734
16018
17822
17444
17558
562
17135
17420
15896
2249
17098
16633
55
17572
216
16801
17096
13482
15939
15137
647
17223
17080
17869
16596
17156
16837
15348
12453
16812
16729
15317
641
18262
17962
3226
17859
17437
18002
882
16874
16717
17907
2754
17015
852
13671
12597
16578
17759
12666
613
15538
16511
12632
17012
17417
13354
16598
3817
15532
15448
16912
17948
17289
15405
17172
17183
17480
13953
731
17826
3445
16528
10317
18275
16767
16475
17425
17083
4032
16782
17900
616
17820
15489
16427
15747
16806
18271
3760
2755
1190
16747
577
12575
17915
17683
17961
16431
14019
665
17862
811
15924
18217
17971
15326
17951
16637
15406
17716
16008
17452
16463
4374
15111
16079
16707
17983
16773
2908
14998
16635
16741
16538
15342
4786
17806
16523
771
14430
17914
17992
16569
17569
335
2259
17995
12618
17881
16754
1844
16433
2000
17252
18013
15322
16566
17991
4468
17158
15069
16605
17934
143
223
16663
2090
17884
15612
2393
17136
16468
4513
12589
12753
1354
4629
15366
12914
16124
126
16559
14655
17474
16779
17988
16429
123
10961
2845
15604
16481
1722
17918
15664
886
16492
16470
2978
16480
17693
16642
17414
16816
15821
14263
15641
16438
17429
17902
14955
15470
17890
16640
16692
10745
3328
16508
15496
18267
15833
15502
400
16730
16870
16416
18005
16860
15926
16524
10436
16809
16892
16884
10647
17925
16588
523
17119
15444
15267
3761
4677
2417
16824
16759
15461
15617
2569
17357
10189
3782
3278
17733
1986
15345
1892
11373
17752
2673
15840
15537
16744
17032
18007
16799
16459
2145
18050
17483
16687
18062
18065
15804
17329
2937
13314
15946
1102
17928
13631
1396
10439
18014
17916
1768
16921
17154
13209
17297
16851
13630
1755
15351
17163
13271
16810
15574
17138
16999
13735
17017
15542
18287
18063
16502
16096
16871
13633
17382
16888
17980
16607
3512
2564
3053
4444
15387
16858
376
16803
16562
873
2156
15599
2314
4695
17498
16584
16549
17943
16935
12935
16491
17049
15835
18060
15354
16857
442
16796
16894
15427
17886
3693
16574
18176
15320
17274
16652
2880
17557
17470
874
17127
16485
13898
10713
17059
17399
17848
16689
14957
15266
14960
15601
16756
13689
15495
17600
17856
45
13830
16875
16923
17880
13851
3070
3160
18008
1926
16540
16879
13505
18273
11371
18033
620
1467
11741
3361
15875
15973
17479
4792
17614
12613
15992
17118
17969
15866
17979
15889
16127
3646
16075
87
17977
15343
16467
17137
18126
16840
17353
15361
17247
17576
2757
17535
3612
16829
17923
2336
16960
727
16854
13900
16765
16833
18006
644
14244
13554
2601
17120
16590
11837
17878
17892
17582
17852
18353
16522
13061
17842
16845
2365
17082
16471
18058
920
13876
18291
14891
3201
17062
16848
17829
17466
15501
17213
13639
15964
16439
14554
17894
15634
17631
14487
16627
17846
16457
16556
3354
18146
17863
2932
2087
17760
16517
13889
18285
1624
16488
15360
3188
17426
17293
16925
2984
16725
17451
13222
3203
16915
17929
16418
14232
15003
16899
18138
1474
1121
10778
15370
2264
17935
16551
15857
17697
2516
15734
16601
17419
15401
16430
13207
16737
17458
16768
2160
16414
16685
12358
16882
1400
17874
17432
15002
4427
17562
18083
1801
17442
15481
16660
17428
17910
4163
13874
17447
18303
17632
17997
16704
16476
10337
13555
17731
2370
17879
16585
15521
16853
15290
18040
15755
3054
481
15586
15837
14656
2073
1363
15499
4869
16477
16613
16688
16612
16442
3154
11740
17802
15463
14889
16573
15279
16905
17085
16436
18113
1552
15388
16644
13951
17112
17151
16514
13708
4357
15646
17909
16770
12679
17296
14273
10164
16903
17924
17690
16445
2124
1784
17875
16866
4671
14958
17321
17536
15948
1912
13629
11678
15651
10687
16110
16897
17833
14573
13614
16763
11783
15674
17054
13537
16713
17958
16781
3194
17145
1659
16813
13966
17787
3825
1951
2022
16887
16595
17967
15845
16460
17947
16787
16876
17800
17033
17827
15749
16814
17116
12509
2060
16786
17038
17960
16521
18242
1517
16610
10563
16916
17974
16693
10374
3438
17968
15451
13171
2917
16895
1621
15662
17027
3728
16577
15429
13273
16863
17990
17976
18000
4434
10733
488
16555
18171
15701
16772
2238
18139
565
1984
12232
17476
16839
16519
17870
4162
16495
16507
10456
16615
16753
16722
16743
15571
17090
15709
15488
16561
17832
17963
17578
10154
16677
17115
12075
11875
14014
16509
17904
17380
12713
16764
13875
13107
15395
3727
17093
16547
15432
130
17023
16632
17396
17757
1883
17645
17804
898
13576
17541
16861
10614
16505
17835
17155
16435
16995
17133
17189
1514
17455
2637
16819
3442
2761
17193
15486
15672
17109
3448
16452
11711
15506
2537
15630
10194
17895
17486
17945
15618
16639
18054
17091
18281
3350
4101
15270
3738
4125
1607
17460
16608
441
2473
17517
694
15228
18263
12359
18208
521
13706
1670
3315
17830
15464
17908
17567
15582
17865
15556
560
13640
1950
3150
15772
13736
15903
15426
15356
17844
14262
16681
16472
15862
17430
25
16664
17978
16628
17383
15473
16053
17105
3863
18047
15894
15779
12223
17941
2724
17877
18009
17649
4249
2399
1749
15297
15898
3561
17938
16465
18362
16494
13500
16440
16969
15718
18011
15944
3114
2142
15511
16878
2348
15615
10296
17816
17467
2337
17099
10929
13531
17101
17071
17889
875
17140
2983
17106
1640
1133
16025
17805
16455
15765
17095
16710
17931
17845
17391
10472
1122
1495
16802
16702
10235
17086
4491
18020
15352
13574
16619
17930
13704
18277
17169
16448
17313
16718
16655
16679
3065
14679
18323
15895
13946
17808
14630
17940
15626
907
3808
11725
11976
10299
916
17898
17952
15943
2089
16446
3847
12857
1906
17839
4161
3536
16437
13914
16503
662
17440
15269
17906
16032
16724
18031
4102
648
15928
17681
16673
18254
18377
16602
1695
13076
15138
15931
16464
17146
16557
12491
17789
1602
17936
15923
709
3526
12619
679
1803
13185
2700
17407
17084
807
13564
2624
14417
16745
16911
18053
17817
14635
239
11565
17144
14422
17680
18061
3742
1857
16469
16902
15540
2844
15567
3151
16715
2383
18147
17855
12916
13892
16937
580
3604
17024
16872
16636
16526
16658
4309
17818
15958
1
16855
18044
17986
1206
17123
11705
17864
16748
17901
18059
10344
12393
15583
1830
1128
16539
17821
16453
18295
17860
17689
17102
17142
2699
17036
15417
16462
18052
1961
16620
16842
18027
15167
17434
15529
15490
15526
1881
17278
3821
10790
16531
16852
16589
15289
2525
2390
15935
16800
3665
3108
16548
17089
17403
15198
17705
18210
3759
4879
16873
446
17981
16830
17950
15466
17423
17728
15513
17809
16898
17439
12177
16458
16838
17560
15541
617
15525
16671
2712
17292
16081
17108
17006
1682
16564
16537
17415
13498
17400
16567
2920
17577
15828
16825
13278
1899
16716
15196
17893
13343
4272
1966
13515
17129
18282
3650
2479
16500
15528
17682
3871
18023
18237
606
17642
17435
17280
16869
16024
16413
18115
654
17262
13935
14953
18376
15353
15498
15952
16841
10353
16527
10368
18371
16104
17579
1720
15533
18021
148
16090
3706
10772
12873
15850
18022
16669
2691
12786
13359
18370
15514
1674
16665
16490
388
16832
15280
15155
695
11675
17750
17933
17669
1705
1997
15909
12729
16497
347
18296
13475
16834
16726
16798
18025
15178
15319
17241
17436
17473
16805
1828
16914
15467
300
1123
17719
4368
16822
17504
3849
12576
16419
17939
13064
15766
15378
1893
16478
14994
12266
17117
15452
3268
16683
16843
17718
18315
16456
17003
15572
15971
17094
15382
17571
16944
10957
17949
1403
15704
13529
17970
15584
17957
2084
1687
2055
16451
3519
17044
11786
17431
10274
15781
16121
18294
17424
15552
17917
15442
16591
10295
12917
17812
12959
16129
1665
17401
17913
18029
17651
16126
17256
16740
17522
13834
18037
17281
17882
17975
17446
15460
17601
169
13357
18043
17379
17761
17179
15281
15762
17544
16428
17143
121
17866
15443
16889
17074
2500
15274
17911
17543
10174
3589
15491
18137
17955
4747
17954
13214
16454
3803
12861
16570
17528
17104
535
14959
17998
568
16486
17959
10359
18140
17110
17246
2251
1075
2980
16530
13034
15650
17128
18016
16483
17836
15033
15679
4669
15791
15336
15815
10585
10603
13337
16625
1636
3031
16820
15920
18045
16496
1963
17459
16543
16423
16449
17854
16568
14812
15714
761
17867
16441
11843
17568
14834
383
16489
15520
1599
16723
490
12480
17638
14696
16714
17041
17283
16691
17591
18290
17469
16690
16473
15475
11790
3152
16953
15369
17695
3569
1677
16425
16623
15607
17919
15760
851
16877
17964
17972
16994
16811
17285
16648
17932
13915
16120
3432
17811
2381
16600
3116
3846
1871
17526
16535
4392
16797
16541
437
17903
4348
16113
13594
18038
11793
15001
3486
1647
17982
13993
16447
18149
17987
2032
16581
4186
17184
15478
15592
16883
18206
10201
13579
17254
16956
16634
14890
13181
13917
17157
17490
17411
16910
18055
17714
17807
14676
15902
17709
13507
15296
16067
17861
16859
17891
2104
18066
15436
16788
15256
2758
3844
3668
375
17857
15832
15953
10578
16793
2255
16061
16506
13634
3667
3481
16614
17803
16667
15325
17124
3113
18064
18019
17887
12441
17965
17685
10381
1960
12617
15982
17416
16885
3385
15705
16560
16592
17257
1750
16731
16105
16865
17019
16552
16880
4460
15419
17871
18028
17468
13557
15503
1743
2279
16654
3063
16631
16836
17126
10415
4328
16856
18264
205
594
15088
3238
15865
13341
16917
16662
18235
16417
17225
17272
17161
12438
17921
16835
16583
16611
17706
16817
18041
16697
15652
18036
17268
15543
2944
1985
16426
2375
16479
17602
18096
